1x2/1a237e 0 0 1
2x2/4caf50 2 0 0
2x2/4caf50 4 0 0
1x2/1a237e 6 0 1
1x1/1a237e 0 1 0
1x2/4caf50 1 1 0
1x2/4caf50 6 1 0
1x1/1a237e 7 1 0
1x2/4caf50 0 2 0
1x1/1a237e 2 2 0
2x2/4caf50 3 2 0
1x1/1a237e 5 2 0
1x2/4caf50 7 2 0
1x2/4caf50 1 3 1
1x2/4caf50 5 3 1
1x2/1a237e 0 4 1
1x1/4caf50 2 4 0
1x2/1a237e 3 4 1
1x1/4caf50 5 4 0
1x2/1a237e 6 4 1
1x1/1a237e 0 5 0
1x1/4caf50 1 5 0
1x2/1a237e 2 5 0
1x2/4caf50 3 5 1
1x2/1a237e 5 5 0
1x1/4caf50 6 5 0
1x1/1a237e 7 5 0
1x1/4caf50 0 6 0
1x2/1a237e 1 6 0
2x2/1a237e 3 6 0
1x2/1a237e 6 6 0
1x1/4caf50 7 6 0
1x1/1a237e 0 7 0
1x1/1a237e 2 7 0
1x1/1a237e 5 7 0
1x1/1a237e 7 7 0