1x2/1565c0 0 0 1
1x2/1565c0 2 0 1
1x1/1565c0 4 0 0
1x2/1565c0 5 0 1
1x2/1565c0 7 0 0
1x2/1565c0 0 1 0
1x2/ffd600 1 1 1
1x2/ffd600 3 1 1
1x2/ffd600 5 1 1
1x2/ffd600 1 2 0
1x2/212121 2 2 1
1x2/212121 4 2 1
1x2/ffd600 6 2 0
1x1/1565c0 7 2 0
1x2/1565c0 0 3 0
1x2/ffd600 2 3 0
1x1/fb8c00 3 3 0
2x2/ffd600 4 3 0
1x1/1565c0 7 3 0
1x1/ffd600 1 4 0
1x2/ffd600 3 4 0
1x1/ffd600 6 4 0
1x2/1565c0 7 4 0
1x1/1565c0 0 5 0
1x2/ffd600 1 5 0
1x1/212121 2 5 0
1x1/ffd600 4 5 0
1x1/212121 5 5 0
1x2/ffd600 6 5 0
1x2/1565c0 0 6 0
1x1/ffd600 2 6 0
1x2/212121 3 6 1
1x1/ffd600 5 6 0
1x1/1565c0 7 6 0
1x2/1565c0 1 7 1
1x2/1565c0 3 7 1
1x2/1565c0 5 7 1
1x1/1565c0 7 7 0