
1x1/607d8b 0 0 0
1x2/d32f2f 1 0 1
1x2/d32f2f 3 0 1
1x1/d32f2f 5 0 0
1x2/607d8b 6 0 1
1x2/607d8b 8 0 1
1x2/d32f2f 0 1 1
1x2/d32f2f 2 1 1
1x2/d32f2f 4 1 1
1x2/d32f2f 6 1 1
1x1/d32f2f 8 1 0
1x1/607d8b 9 1 0
1x2/795548 0 2 1
1x1/795548 2 2 0
2x2/ffe0b2 3 2 0
1x2/000000 5 2 0
1x2/ffe0b2 6 2 0
1x2/607d8b 7 2 1
1x1/607d8b 9 2 0
1x2/ffe0b2 7 3 1
1x1/607d8b 9 3 0
1x1/ffe0b2 0 3 0
1x1/795548 1 3 0
1x1/ffe0b2 2 3 0
1x1/ffe0b2 0 4 0
1x2/795548 1 4 1
1x1/795548 0 5 0
1x2/ffe0b2 1 5 1
2x2/ffe0b2 3 4 0
1x1/ffe0b2 5 4 0
1x1/000000 5 5 0
1x2/000000 6 4 0
1x2/ffe0b2 7 4 1
1x1/ffe0b2 9 4 0
1x2/000000 7 5 1
1x1/607d8b 9 5 0
1x2/ffe0b2 0 6 1
1x2/ffe0b2 2 6 1
1x2/ffe0b2 4 6 1
1x2/ffe0b2 6 6 1
1x2/607d8b 8 6 1
2x2/d32f2f 0 7 0
1x2/d32f2f 0 9 1
1x2/2196f3 2 7 0
1x1/2196f3 2 9 0
2x2/d32f2f 3 7 0
1x2/2196f3 3 9 1
1x1/d32f2f 5 7 0
1x2/2196f3 5 8 0
1x2/d32f2f 6 7 0
1x1/d32f2f 6 9 0
1x2/607d8b 7 7 1
1x1/607d8b 9 7 0
1x2/d32f2f 7 8 1
1x1/607d8b 9 8 0
1x2/d32f2f 7 9 1
1x1/d32f2f 9 9 0