2x2/ffffff 0 0 0
1x2/ffffff 2 0 1
1x1/2e7d32 4 0 0
1x2/2e7d32 5 0 0
1x2/ffffff 6 0 1
2x2/ffffff 8 0 0
1x1/ffffff 2 1 0
1x2/2e7d32 3 1 1
1x1/2e7d32 6 1 0
1x1/ffffff 7 1 0
1x2/ffffff 0 2 0
1x1/ffffff 1 2 0
2x2/2e7d32 2 2 0
2x2/2e7d32 4 2 0
1x2/2e7d32 6 2 1
1x2/ffffff 8 2 1
1x2/2e7d32 1 3 0
1x2/2e7d32 6 3 1
1x2/2e7d32 8 3 0
1x1/ffffff 9 3 0
1x2/2e7d32 0 4 0
1x2/2e7d32 2 4 0
1x1/2e7d32 3 4 0
1x2/2e7d32 4 4 1
2x2/2e7d32 6 4 0
1x2/2e7d32 9 4 0
1x2/2e7d32 1 5 0
2x2/2e7d32 3 5 0
1x2/2e7d32 5 5 0
1x1/2e7d32 8 5 0
1x1/2e7d32 0 6 0
1x1/2e7d32 2 6 0
1x2/2e7d32 6 6 1
2x2/2e7d32 8 6 0
1x2/2e7d32 0 7 1
1x2/2e7d32 2 7 1
1x2/2e7d32 4 7 1
1x2/2e7d32 6 7 1
1x2/ffffff 0 8 1
1x1/ffffff 2 8 0
1x1/ffffff 3 8 0
2x2/5d4037 4 8 0
1x2/ffffff 6 8 1
1x1/ffffff 8 8 0
1x1/ffffff 9 8 0
1x2/388e3c 0 9 1
1x2/388e3c 2 9 1
1x2/388e3c 6 9 1
1x2/388e3c 8 9 1