2x2/87ceeb 0 0 0
1x2/87ceeb 2 0 1
1x2/000000 4 0 1
1x2/000000 6 0 1
1x2/87ceeb 8 0 1
2x2/87ceeb 10 0 0
1x2/000000 2 1 1
2x2/e52521 4 1 0
2x2/e52521 6 1 0
1x2/000000 8 1 1
1x2/87ceeb 0 2 0
1x2/000000 1 2 0
2x2/e52521 2 2 0
2x2/e52521 8 2 0
1x2/000000 10 2 0
1x2/87ceeb 11 2 0
1x2/e52521 4 3 1
1x2/e52521 6 3 1
1x2/000000 0 4 0
1x2/e52521 1 4 1
1x2/e52521 3 4 1
1x2/e52521 5 4 1
1x2/e52521 7 4 1
1x2/e52521 9 4 1
1x2/000000 11 4 0
1x2/000000 1 5 1
1x2/000000 3 5 1
2x2/ffffff 5 5 0
1x2/000000 7 5 1
1x2/000000 9 5 1
1x2/000000 0 6 0
2x2/ffffff 1 6 0
1x2/ffffff 3 6 0
1x2/000000 4 6 0
1x2/000000 7 6 0
1x2/ffffff 8 6 0
2x2/ffffff 9 6 0
1x2/000000 11 6 0
1x2/000000 5 7 1
1x2/87ceeb 0 8 0
1x2/000000 1 8 0
2x2/ffffff 2 8 0
2x2/ffffff 4 8 0
2x2/ffffff 6 8 0
2x2/ffffff 8 8 0
1x2/000000 10 8 0
1x2/87ceeb 11 8 0
2x2/87ceeb 0 10 0
1x2/000000 2 10 1
1x2/ffffff 4 10 1
1x2/ffffff 6 10 1
1x2/000000 8 10 1
2x2/87ceeb 10 10 0
1x2/87ceeb 2 11 1
1x2/000000 4 11 1
1x2/000000 6 11 1
1x2/87ceeb 8 11 1